1011010011 x  01010101010101010010101010100101
9876543210    10987654321098765432109876543210
         0     3         2         1         0


0 1111111111
1 00000000000
2 111111111111
3 0000000000000
4 00000000000000
5 111111111111111
6 0000000000000000
7 11111111111111111
8 000000000000000000
9 1111111111111111111
0 00000000000000000000
1 111111111111111111111
2 0000000000000000000000
3 11111111111111111111111
4 000000000000000000000000
5 0000000000000000000000000
6 11111111111111111111111111
7 000000000000000000000000000
8 1111111111111111111111111111
9 00000000000000000000000000000
0 111111111111111111111111111111
1 0000000000000000000000000000000
2 11111111111111111111111111111111
3 000000000000000000000000000000000
4 1111111111111111111111111111111111
5 00000000000000000000000000000000000
6 111111111111111111111111111111111111
7 0000000000000000000000000000000000000
8 11111111111111111111111111111111111111
9 000000000000000000000000000000000000000
0 1111111111111111111111111111111111111111
1 00000000000000000000000000000000000000000

1011010011 & 1111111111 = 1011010011
10110100110 & 00000000000 = 0
101101001100 & 111111111111 = 101101001100
1011010011000 & 0000000000000 = 0
10110100110000 & 00000000000000 = 0
101101001100000 & 111111111111111 = 101101001100000
1011010011000000 & 0000000000000000 = 0
10110100110000000 & 11111111111111111 = 10110100110000000
101101001100000000 & 000000000000000000 = 0
1011010011000000000 & 1111111111111111111 = 1011010011000000000
10110100110000000000 & 00000000000000000000 = 0
101101001100000000000 & 111111111111111111111 = 101101001100000000000
1011010011000000000000 & 0000000000000000000000 = 0
10110100110000000000000 & 11111111111111111111111 = 10110100110000000000000
101101001100000000000000 & 000000000000000000000000 = 0
1011010011000000000000000 & 0000000000000000000000000 = 0
10110100110000000000000000 & 11111111111111111111111111 = 10110100110000000000000000
101101001100000000000000000 & 000000000000000000000000000 = 0
1011010011000000000000000000 & 1111111111111111111111111111 = 1011010011000000000000000000
10110100110000000000000000000 & 00000000000000000000000000000 = 0
101101001100000000000000000000 & 111111111111111111111111111111 = 101101001100000000000000000000
1011010011000000000000000000000 & 0000000000000000000000000000000 = 0
10110100110000000000000000000000 & 11111111111111111111111111111111 = 10110100110000000000000000000000
101101001100000000000000000000000 & 000000000000000000000000000000000 = 0
1011010011000000000000000000000000 & 1111111111111111111111111111111111 = 1011010011000000000000000000000000
10110100110000000000000000000000000 & 00000000000000000000000000000000000 = 0
101101001100000000000000000000000000 & 111111111111111111111111111111111111 = 101101001100000000000000000000000000
1011010011000000000000000000000000000 & 0000000000000000000000000000000000000 = 0
10110100110000000000000000000000000000 & 11111111111111111111111111111111111111 = 10110100110000000000000000000000000000
101101001100000000000000000000000000000 & 000000000000000000000000000000000000000 = 0
1011010011000000000000000000000000000000 & 1111111111111111111111111111111111111111 = 1011010011000000000000000000000000000000
10110100110000000000000000000000000000000 & 00000000000000000000000000000000000000000 = 0


to SUM:
1011010011000000000000000000000000000000
0010110100110000000000000000000000000000
0000101101001100000000000000000000000000
0000001011010011000000000000000000000000
0000000010110100110000000000000000000000
0000000000101101001100000000000000000000
0000000000001011010011000000000000000000
0000000000000010110100110000000000000000
0000000000000000010110100110000000000000
0000000000000000000101101001100000000000
0000000000000000000001011010011000000000
0000000000000000000000010110100110000000
0000000000000000000000000101101001100000
0000000000000000000000000000101101001100
0000000000000000000000000000001011010011


Decimal :
776315338752
194078834688
48519708672
12129927168
3032481792
758120448
189530112
47382528
5922816
1480704
370176
92544
23136
2892
723

After SUM result :
1035079217151 by algorithm
1035079217151 by calculator

1035079217151 === 1035079217151

All okay
